2
4
5
3
7
6
6
5
7
0
8
0
7
5
4
8
0
4
0
4
1
4
0
4
8
7
8
6
6
0
2
7
2
2
8
4
2
4
3
7
3
7
8
4
6
0
5
8
7
7
8
2
2
2
5
0
5
6
3
3
2
6
1
2
4
8
5
3
8
8
0
4
4
2
6
4
2
6
1
3
5
0
2
1
7
3
3
4
5
3
7
4
0
4
1
4
2
0
0
2
2
6
5
5
0
4
4
2
8
4
5
2
2
8
6
6
1
0
3
2
2
6
7
4
1
8
3
4
6
0
6
6
4
8
0
8
8
8
4
4
3
0
2
4
4
6
6
2
5
4
4
3
6
3
2
3
6
0
4
0
7
1
4
0
0
3
0
8
8
4
6
5
7
6
7
5
7
0
8
0
0
5
5
2
4
2
6
7
0
8
0
8
4
0
8
5
8
3
5
3
0
8
4
6
8
7
6
7
7
4
4
2
0
4
1
1
4
0
3
3
6
8
2
2
3
0
3
7
1
0
8
6
0
0
2
7
0
2
4
8
8
0
3
2
6
0
2
8
6
3
6
4
4
8
3
2
8
4
6
8
1
0
4
4
0
6
0
3
2
6
8
8
6
1
2
0
0
6
2
3
6
